Read_file	Genome_file	Adjusted_ANI	Naive_ANI	ANI_5-95_percentile	Eff_cov	Eff_lambda	Lambda_5-95_percentile	Median_cov	Mean_cov	Containment_ind	Contig_name
synthetic_simulated_reads/8-0.06694329500821695-synthetic.fq	./refs/MN-03.fa	100.00	87.21	100.36-102.43	0.042	0.042	0.03-0.05	1	0.058	2892/51175	NZ_CP081897.1 Klebsiella pneumoniae strain MN-03 chromosome, complete genome
