Read_file	Genome_file	Adjusted_ANI	Naive_ANI	ANI_5-95_percentile	Eff_cov	Eff_lambda	Lambda_5-95_percentile	Median_cov	Mean_cov	Containment_ind	Contig_name
synthetic_simulated_reads/17-0.1261661294457514-synthetic.fq	./refs/MN-03.fa	100.00	92.56	99.38-101.79	0.078	0.078	0.05-0.11	1	0.094	478/5252	NZ_CP081897.1 Klebsiella pneumoniae strain MN-03 chromosome, complete genome
