Read_file	Genome_file	Adjusted_ANI	Naive_ANI	ANI_5-95_percentile	Eff_cov	Eff_lambda	Lambda_5-95_percentile	Median_cov	Mean_cov	Containment_ind	Contig_name
synthetic_simulated_reads/10-0.8445976423531825-synthetic.fq	./refs/MN-03.fa	99.88	97.79	99.70-100.02	0.717	0.717	0.66-0.77	1	0.689	2628/5252	NZ_CP081897.1 Klebsiella pneumoniae strain MN-03 chromosome, complete genome
