Read_file	Genome_file	Adjusted_ANI	Naive_ANI	ANI_5-95_percentile	Eff_cov	Eff_lambda	Lambda_5-95_percentile	Median_cov	Mean_cov	Containment_ind	Contig_name
synthetic_simulated_reads/10-0.4481404746557166-synthetic.fq	./refs/MN-03.fa	99.90	96.25	99.77-100.11	0.370	0.370	0.34-0.38	1	0.364	6282/20549	NZ_CP081897.1 Klebsiella pneumoniae strain MN-03 chromosome, complete genome
