Read_file	Genome_file	Adjusted_ANI	Naive_ANI	ANI_5-95_percentile	Eff_cov	Eff_lambda	Lambda_5-95_percentile	Median_cov	Mean_cov	Containment_ind	Contig_name
synthetic_simulated_reads/5-0.05-synthetic.fq	./refs/MN-03.fa	99.49	85.86	98.42-100.89	0.045	0.045	0.03-0.06	1	0.042	2081/51175	NZ_CP081897.1 Klebsiella pneumoniae strain MN-03 chromosome, complete genome
