Read_file	Genome_file	Adjusted_ANI	Naive_ANI	ANI_5-95_percentile	Eff_cov	Eff_lambda	Lambda_5-95_percentile	Median_cov	Mean_cov	Containment_ind	Contig_name
synthetic_simulated_reads/12-3.0-synthetic.fq	./refs/MN-03.fa	99.61	99.61	NA-NA	2.785	NA	NA-NA	3	2.565	47119/51175	NZ_CP081897.1 Klebsiella pneumoniae strain MN-03 chromosome, complete genome
