Read_file	Genome_file	Adjusted_ANI	Naive_ANI	ANI_5-95_percentile	Eff_cov	Eff_lambda	Lambda_5-95_percentile	Median_cov	Mean_cov	Containment_ind	Contig_name
synthetic_simulated_reads/4-0.12419803555521869-synthetic.fq	./refs/MN-03.fa	100.00	92.76	99.06-101.24	0.099	0.099	0.07-0.13	1	0.102	511/5252	NZ_CP081897.1 Klebsiella pneumoniae strain MN-03 chromosome, complete genome
