Read_file	Genome_file	Adjusted_ANI	Naive_ANI	ANI_5-95_percentile	Eff_cov	Eff_lambda	Lambda_5-95_percentile	Median_cov	Mean_cov	Containment_ind	Contig_name
synthetic_simulated_reads/14-0.07880293000746184-synthetic.fq	./refs/MN-03.fa	99.54	91.33	99.13-100.11	0.070	0.070	0.06-0.08	1	0.062	3082/51326	NZ_CP081897.1 Klebsiella pneumoniae strain MN-03 chromosome, complete genome
