Read_file	Genome_file	Adjusted_ANI	Naive_ANI	ANI_5-95_percentile	Eff_cov	Eff_lambda	Lambda_5-95_percentile	Median_cov	Mean_cov	Containment_ind	Contig_name
synthetic_simulated_reads/15-0.23778172582285131-synthetic.fq	./refs/k.africana.fa	96.09	90.96	95.52-96.60	0.197	0.197	0.16-0.24	1	0.059	1145/21588	NZ_CP084874.1 Klebsiella africana strain 200023 chromosome, complete genome
