Read_file	Genome_file	Adjusted_ANI	Naive_ANI	ANI_5-95_percentile	Eff_cov	Eff_lambda	Lambda_5-95_percentile	Median_cov	Mean_cov	Containment_ind	Contig_name
synthetic_simulated_reads/10-0.018846716378431196-synthetic.fq	./refs/k.africana.fa	83.95	83.95	NA-NA	1.021	LOW	NA-NA	1	0.005	48/10870	NZ_CP084874.1 Klebsiella africana strain 200023 chromosome, complete genome
