Sample_file	Genome_file	Adjusted_ANI	Eff_cov	ANI_5-95_percentile	Eff_lambda	Lambda_5-95_percentile	Median_cov	Mean_cov_geq1	Containment_ind	Naive_ANI	Contig_name
synthetic_simulated_reads_oct15/17-0.23778172582285131-synthetic.fq	refs/MN-03.fa	100.00	0.165	100.07-101.81	0.165	0.14-0.20	1	1.090	941/4962	92.39	NZ_CP081897.1 Klebsiella pneumoniae strain MN-03 chromosome, complete genome
