Sample_file	Genome_file	Adjusted_ANI	Eff_cov	ANI_5-95_percentile	Eff_lambda	Lambda_5-95_percentile	Median_cov	Mean_cov_geq1	Containment_ind	Naive_ANI	Contig_name
synthetic_simulated_reads_oct15/16-0.44814047465571655-synthetic.fq	refs/MN-03.fa	99.75	0.381	99.47-100.12	0.381	0.33-0.42	1	1.196	1523/5099	96.18	NZ_CP081897.1 Klebsiella pneumoniae strain MN-03 chromosome, complete genome
