Sample_file	Genome_file	Adjusted_ANI	Eff_cov	ANI_5-95_percentile	Eff_lambda	Lambda_5-95_percentile	Median_cov	Mean_cov_geq1	Containment_ind	Naive_ANI	Contig_name
synthetic_simulated_reads_oct15/15-0.44814047465571655-synthetic.fq	refs/MN-03.fa	100.00	0.345	99.94-100.25	0.345	0.32-0.36	1	1.181	6789/22392	96.22	NZ_CP081897.1 Klebsiella pneumoniae strain MN-03 chromosome, complete genome
