Read_file	Genome_file	Adjusted_ANI	Naive_ANI	ANI_5-95_percentile	Eff_cov	Eff_lambda	Lambda_5-95_percentile	Median_cov	Mean_cov	Containment_ind	Contig_name
synthetic_simulated_reads/11-0.018846716378431196-synthetic.fq	./refs/MN-03.fa	87.68	87.68	NA-NA	1.000	LOW	NA-NA	1	0.017	146/8606	NZ_CP081897.1 Klebsiella pneumoniae strain MN-03 chromosome, complete genome
